ISS (ZARYA)             
1 25544U 98067A   23127.52799878  .00017789  00000+0  31877-3 0  9990
2 25544  51.6410 170.0492 0006390 319.1205 152.6067 15.50002894395481
AEROCUBE 12A            
1 43556U 18046C   23127.05494303  .00512051  11064-3  16747-2 0  9991
2 43556  51.6203  16.8345 0008208 181.0880 179.0109 15.89985852269557
AEROCUBE 12B            
1 43557U 18046D   23127.11826876  .00106428  00000+0  10754-2 0  9996
2 43557  51.6302  35.2585 0008112 133.1230 227.0444 15.64456852269260
ISS DEB                 
1 47853U 98067RZ  23126.28299905  .00029587  00000+0  29285-3 0  9994
2 47853  51.6349 151.5812 0002379  53.6087 306.5127 15.65585247122243
CSS (TIANHE)            
1 48274U 21035A   23125.10274249  .00032733  00000+0  35549-3 0  9994
2 48274  41.4746  58.0157 0006370 196.6448 176.6470 15.62771492115106
ISS (NAUKA)             
1 49044U 21066A   23126.56804023  .00012267  00000+0  22283-3 0  9995
2 49044  51.6416 174.8024 0006077 314.0117 197.6522 15.49958313395332
FREGAT DEB              
1 49271U 11037PF  23126.97386752  .00024465  00000+0  58715-1 0  9993
2 49271  51.6839  59.8440 1021129 348.1932   9.6519 12.04596579 85936
CSS (WENTIAN)           
1 53239U 22085A   23125.10274249  .00032733  00000+0  35549-3 0  9997
2 53239  41.4746  58.0157 0006370 196.6448 176.6470 15.62771492115103
CSS (MENGTIAN)          
1 54216U 22143A   23125.10274249  .00032733  00000+0  35549-3 0  9998
2 54216  41.4746  58.0157 0006370 196.6448 176.6470 15.62771492115109
TIANZHOU-5              
1 54237U 22152A   23126.53584527  .00029730  00000+0  30732-3 0  9994
2 54237  41.4801  49.2626 0007105 159.6622  12.2009 15.64060367 27443
SHENZHOU-15             
1 54379U 22162A   23125.10274249  .00032733  00000+0  35549-3 0  9999
2 54379  41.4746  58.0157 0006370 196.6448 176.6470 15.62771492115109
1998-067UL              
1 54534U 98067UL  23127.08876939  .01154289  76429-3  15514-2 0  9995
2 54534  51.6184 153.7075 0010287  15.4580 344.6745 16.05904085 24453
1998-067UN              
1 54536U 98067UN  23126.48189066  .00312659  00000+0  10814-2 0  9990
2 54536  51.6388 159.9833 0011655  10.5819 130.9935 15.88029601 24271
1998-067UP              
1 54537U 98067UP  23126.40409326  .01018378  57534-3  13543-2 0  9999
2 54537  51.6240 157.1203 0011048  10.7141 118.4995 16.06012283 24340
LORIS                   
1 55125U 98067US  23127.10023415  .00400292  00000+0  14953-2 0  9999
2 55125  51.6278 159.1323 0011758  13.4294 346.7021 15.86253228 20207
ORCASAT                 
1 55126U 98067UT  23126.63298054  .00181739  00000+0  11688-2 0  9994
2 55126  51.6336 164.3129 0010271   4.9742 355.1358 15.75050986 20095
TJREVERB                
1 55128U 98067UV  23127.10258465  .00315065  00000+0  13336-2 0  9994
2 55128  51.6270 159.9015 0012319   8.3411 351.7795 15.83852342 20186
SPORT                   
1 55129U 98067UW  23127.10732725  .00067565  00000+0  70842-3 0  9996
2 55129  51.6335 165.9936 0006703 350.4674   9.6192 15.63726743 20105
SS-1                    
1 55181U 98067UY  23127.07868586  .02370803  78589-2  18553-2 0  9999
2 55181  51.6167 155.8958 0008116   1.9863 358.1185 16.15896429 18946
HSKSAT                  
1 55182U 98067UZ  23126.80174925  .00171166  00000+0  11231-2 0  9992
2 55182  51.6292 163.9214 0008818 351.3784   8.7062 15.74641114 18826
OPTIMAL-1               
1 55183U 98067VA  23127.11132662  .00097300  00000+0  85819-3 0  9991
2 55183  51.6368 164.5321 0009959 358.7427   1.3543 15.67860612 18842
ISS DEB (SPX-26 IPA FSE)
1 55448U 98067VB  23127.09868192  .00045160  00000+0  58378-3 0  9993
2 55448  51.6360 168.9357 0007460 325.0406  35.0096 15.58446613 14848
PROGRESS-MS 22          
1 55560U 23018A   23126.56804023  .00012267  00000+0  22283-3 0  9994
2 55560  51.6416 174.8024 0006077 314.0117 197.6522 15.49958313395332
SOYUZ-MS 23             
1 55688U 23024A   23126.56804023  .00012267  00000+0  22283-3 0  9992
2 55688  51.6416 174.8024 0006077 314.0117 197.6522 15.49958313395333
CREW DRAGON 6           
1 55740U 23027A   23126.56804023  .00012267  00000+0  22283-3 0  9994
2 55740  51.6416 174.8024 0006077 314.0117 197.6522 15.49958313395332
ARKSAT 1                
1 56311U 98067VC  23127.10774137  .00063406  00000+0  10185-2 0  9996
2 56311  51.6376 171.9812 0007994 319.4106  40.6287 15.52387181  1973
AURORASAT               
1 56312U 98067VD  23126.85031014  .00064605  00000+0  10384-2 0  9991
2 56312  51.6378 173.2611 0007895 317.4964  42.5413 15.52362648  1960
EX-ALTA-2               
1 56313U 98067VE  23126.85050137  .00063422  00000+0  10210-2 0  9993
2 56313  51.6376 173.2631 0007847 317.5885  42.4498 15.52327220  1959
LIGHTCUBE               
1 56314U 98067VF  23126.98037334  .00072726  00000+0  11701-2 0  9995
2 56314  51.6374 172.6303 0007630 303.2733  56.7525 15.52286155  2008
NEUDOSE                 
1 56315U 98067VG  23126.98190305  .00049564  00000+0  81413-3 0  9996
2 56315  51.6377 172.6396 0007861 300.2659  59.7552 15.51871466  1954
YUKONSAT                
1 56316U 98067VH  23126.98152660  .00059492  00000+0  96975-3 0  9999
2 56316  51.6378 172.6369 0007690 300.5833  59.4398 15.52008290  1978
1998-067VJ              
1 56434U 98067VJ  23126.60462224  .00050368  00000+0  86875-3 0  9990
2 56434  51.6385 174.6195 0008015 315.3341  44.7002 15.50490845   467
